14.0 0.02 124.0  XUY813 LI2PTO3                  
   2283.
   2315.
   2224.
   2310.
   2350.
   2239.
   2144.
   2272.
   2263.
   2175.
   2217.
   2184.
   2249.
   2302.
   2196.
   2183.
   2257.
   2177.
   2133.
   2228.
   2201.
   2273.
   2229.
   2187.
   2174.
   2121.
   2147.
   2172.
   2173.
   2159.
   2163.
   2138.
   2107.
   2191.
   2228.
   2110.
   2122.
   2159.
   2148.
   2140.
   2045.
   2091.
   2100.
   2166.
   2105.
   2075.
   2119.
   2081.
   2066.
   2113.
   2096.
   2122.
   2091.
   2086.
   2039.
   2032.
   2054.
   2070.
   1985.
   2106.
   2115.
   2018.
   2050.
   2125.
   2045.
   2073.
   2021.
   2057.
   2030.
   2065.
   2006.
   1977.
   2013.
   2042.
   2036.
   1993.
   1995.
   1949.
   2039.
   2045.
   1925.
   2009.
   2015.
   2021.
   2004.
   1993.
   1865.
   2020.
   2023.
   1896.
   1934.
   1905.
   1895.
   1933.
   1986.
   1874.
   1983.
   2020.
   1934.
   1971.
   1922.
   1915.
   1928.
   1902.
   1826.
   1907.
   1938.
   1934.
   1870.
   1902.
   1935.
   1841.
   1853.
   1895.
   1856.
   1952.
   1845.
   1884.
   1923.
   1874.
   1930.
   1849.
   1899.
   1850.
   1843.
   1869.
   1931.
   1903.
   1835.
   1850.
   1848.
   1877.
   1885.
   1859.
   1908.
   1883.
   1852.
   1780.
   1799.
   1839.
   1860.
   1876.
   1843.
   1883.
   1852.
   1826.
   1841.
   1812.
   1866.
   1838.
   1876.
   1784.
   1898.
   1831.
   1923.
   1749.
   1838.
   1779.
   1837.
   1844.
   1858.
   1891.
   1912.
   1825.
   1899.
   1839.
   1846.
   1892.
   1919.
   1879.
   1925.
   1874.
   1932.
   1917.
   1944.
   1903.
   2053.
   1910.
   2024.
   1996.
   1966.
   2028.
   2070.
   2090.
   2118.
   2127.
   2067.
   2151.
   2185.
   2414.
   2395.
   2548.
   2671.
   2866.
   2957.
   3249.
   3477.
   3958.
   4425.
   4995.
   5517.
   6507.
   7747.
   9188.
  10820.
  13221.
  15591.
  18942.
  22466.
  27126.
  33101.
  39967.
  48650.
  59150.
  72842.
  89472.
 110581.
 137004.
 167434.
 198437.
 224404.
 238610.
 236951.
 218200.
 187793.
 149530.
 112595.
  77967.
  51919.
  34711.
  22588.
  15615.
  11461.
   9082.
   7662.
   6564.
   5958.
   5337.
   5074.
   4652.
   4470.
   4120.
   3960.
   3892.
   3837.
   3661.
   3555.
   3467.
   3461.
   3343.
   3402.
   3336.
   3307.
   3312.
   3325.
   3227.
   3313.
   3258.
   3342.
   3355.
   3335.
   3453.
   3535.
   3589.
   3718.
   3716.
   3914.
   4076.
   4195.
   4492.
   4866.
   5153.
   5748.
   6129.
   6939.
   7810.
   8835.
   9949.
  11514.
  13095.
  15336.
  17813.
  20836.
  24789.
  29097.
  33562.
  37410.
  40841.
  42565.
  42516.
  41940.
  39555.
  37342.
  34914.
  32018.
  30000.
  28450.
  26828.
  25578.
  24435.
  23243.
  22609.
  21892.
  21452.
  20617.
  20156.
  19514.
  19236.
  18691.
  18564.
  18257.
  17765.
  17754.
  17417.
  17311.
  17155.
  16882.
  16739.
  16758.
  16442.
  16393.
  16606.
  16448.
  16510.
  16643.
  16538.
  16699.
  16761.
  16888.
  17267.
  17610.
  17934.
  18440.
  18639.
  18563.
  18467.
  17768.
  17474.
  16325.
  15718.
  14775.
  14414.
  13702.
  13276.
  13043.
  12674.
  12248.
  12114.
  11972.
  11808.
  11516.
  11361.
  11264.
  11192.
  10871.
  10686.
  10554.
  10404.
  10586.
  10217.
  10310.
  10065.
   9967.
  10047.
   9884.
  10030.
   9759.
   9616.
   9379.
   9456.
   9107.
   9266.
   9344.
   8991.
   9043.
   8883.
   8755.
   8688.
   8855.
   8578.
   8427.
   8510.
   8646.
   8421.
   8397.
   8256.
   8253.
   8211.
   8173.
   8296.
   8132.
   8117.
   7900.
   7924.
   7947.
   7846.
   7838.
   7938.
   7756.
   7802.
   7583.
   7692.
   7560.
   7638.
   7579.
   7556.
   7493.
   7401.
   7487.
   7387.
   7558.
   7369.
   7313.
   7299.
   7340.
   7163.
   7056.
   7164.
   7069.
   7167.
   7268.
   7092.
   7131.
   7140.
   7151.
   7289.
   7162.
   6984.
   7012.
   7121.
   6994.
   7167.
   6907.
   7030.
   6920.
   7057.
   7088.
   6912.
   6937.
   6915.
   7094.
   6992.
   7012.
   6968.
   6869.
   7121.
   7013.
   7100.
   7193.
   7097.
   7242.
   7203.
   7388.
   7346.
   7820.
   7699.
   7863.
   8167.
   8348.
   8646.
   8922.
   9295.
   9886.
  10001.
  10052.
   9982.
   9599.
   9157.
   8744.
   8249.
   7873.
   7522.
   7091.
   6985.
   6795.
   6682.
   6633.
   6536.
   6210.
   6269.
   6119.
   6256.
   6022.
   5925.
   5930.
   5970.
   5912.
   5924.
   5795.
   5785.
   5833.
   5701.
   5780.
   5617.
   5619.
   5451.
   5499.
   5434.
   5452.
   5364.
   5321.
   5195.
   5380.
   5176.
   5092.
   5154.
   5205.
   5067.
   5267.
   5010.
   5041.
   4995.
   4890.
   4849.
   4865.
   5066.
   5053.
   4983.
   4856.
   4882.
   4848.
   4881.
   4783.
   4745.
   4711.
   4747.
   4669.
   4667.
   4626.
   4669.
   4549.
   4602.
   4566.
   4588.
   4574.
   4464.
   4550.
   4482.
   4630.
   4428.
   4314.
   4459.
   4396.
   4434.
   4394.
   4419.
   4362.
   4399.
   4362.
   4285.
   4353.
   4315.
   4240.
   4291.
   4340.
   4312.
   4285.
   4289.
   4284.
   4165.
   4166.
   4160.
   4197.
   4119.
   4150.
   4234.
   4102.
   4148.
   4042.
   4041.
   4135.
   4069.
   4007.
   4014.
   3951.
   4081.
   3994.
   4072.
   4112.
   4069.
   3985.
   4028.
   4055.
   3930.
   3865.
   3932.
   3846.
   3884.
   4008.
   3883.
   3866.
   3944.
   3983.
   3864.
   3887.
   3936.
   3891.
   3929.
   3913.
   3831.
   3873.
   3876.
   3952.
   3808.
   3910.
   3875.
   3831.
   3885.
   3828.
   3887.
   3880.
   3730.
   3887.
   3857.
   3904.
   3810.
   3816.
   3848.
   3903.
   3873.
   3861.
   3983.
   3772.
   3886.
   3880.
   3851.
   3810.
   3905.
   3796.
   3964.
   3891.
   3947.
   3905.
   3907.
   3866.
   3955.
   3813.
   3867.
   3883.
   3934.
   4068.
   3949.
   3944.
   4047.
   4082.
   4086.
   4305.
   4324.
   4477.
   4543.
   4492.
   4883.
   4865.
   5255.
   5317.
   5637.
   5630.
   5678.
   5813.
   5582.
   5401.
   5109.
   5073.
   4747.
   4509.
   4371.
   4236.
   4071.
   4132.
   3942.
   3772.
   3816.
   3815.
   3768.
   3637.
   3654.
   3587.
   3557.
   3531.
   3462.
   3493.
   3488.
   3417.
   3440.
   3388.
   3393.
   3450.
   3341.
   3378.
   3341.
   3282.
   3313.
   3176.
   3241.
   3253.
   3218.
   3279.
   3243.
   3108.
   3174.
   3201.
   3186.
   3156.
   3170.
   3014.
   3095.
   3041.
   3067.
   3129.
   2921.
   2997.
   3030.
   3043.
   3045.
   2990.
   2973.
   3037.
   3000.
   2921.
   2909.
   2920.
   2948.
   2968.
   2927.
   2867.
   2943.
   2893.
   2962.
   2748.
   2859.
   2881.
   2792.
   2880.
   2775.
   2831.
   2751.
   2769.
   2814.
   2742.
   2709.
   2714.
   2729.
   2674.
   2740.
   2766.
   2665.
   2700.
   2813.
   2670.
   2640.
   2692.
   2696.
   2629.
   2600.
   2696.
   2667.
   2638.
   2659.
   2620.
   2669.
   2622.
   2708.
   2673.
   2501.
   2648.
   2594.
   2587.
   2586.
   2603.
   2644.
   2604.
   2688.
   2618.
   2612.
   2599.
   2580.
   2595.
   2495.
   2569.
   2539.
   2536.
   2579.
   2547.
   2583.
   2456.
   2529.
   2411.
   2433.
   2424.
   2511.
   2526.
   2424.
   2432.
   2516.
   2470.
   2418.
   2545.
   2487.
   2424.
   2472.
   2384.
   2466.
   2488.
   2372.
   2492.
   2371.
   2398.
   2446.
   2449.
   2432.
   2379.
   2469.
   2489.
   2302.
   2438.
   2390.
   2402.
   2532.
   2434.
   2418.
   2408.
   2466.
   2476.
   2375.
   2436.
   2486.
   2376.
   2498.
   2468.
   2462.
   2475.
   2376.
   2440.
   2455.
   2434.
   2336.
   2399.
   2434.
   2360.
   2337.
   2393.
   2378.
   2415.
   2423.
   2380.
   2370.
   2366.
   2372.
   2405.
   2367.
   2443.
   2399.
   2363.
   2389.
   2392.
   2405.
   2414.
   2346.
   2447.
   2376.
   2340.
   2358.
   2437.
   2307.
   2336.
   2516.
   2469.
   2518.
   2551.
   2458.
   2488.
   2468.
   2512.
   2485.
   2504.
   2464.
   2613.
   2533.
   2583.
   2580.
   2655.
   2761.
   2868.
   2837.
   2929.
   3084.
   3193.
   3356.
   3395.
   3807.
   3759.
   3693.
   3654.
   3585.
   3428.
   3345.
   3184.
   3087.
   2875.
   2786.
   2740.
   2553.
   2476.
   2505.
   2420.
   2467.
   2307.
   2376.
   2347.
   2358.
   2268.
   2252.
   2301.
   2339.
   2156.
   2255.
   2248.
   2153.
   2242.
   2268.
   2214.
   2206.
   2171.
   2214.
   2103.
   2080.
   2100.
   2143.
   2167.
   2226.
   2140.
   2109.
   2090.
   2094.
   2108.
   2103.
   2018.
   2060.
   1956.
   2027.
   2096.
   2081.
   2056.
   2047.
   2027.
   2062.
   2001.
   2038.
   1973.
   2084.
   1975.
   2032.
   2040.
   2035.
   2042.
   2080.
   1956.
   2019.
   1916.
   2028.
   2002.
   1981.
   2079.
   2006.
   1989.
   1948.
   2015.
   1966.
   2009.
   1993.
   1961.
   2054.
   1989.
   2005.
   1994.
   1986.
   2018.
   2059.
   1936.
   1941.
   2043.
   1991.
   2010.
   2058.
   1936.
   2061.
   2021.
   2004.
   1974.
   2114.
   2003.
   2041.
   2051.
   1967.
   2058.
   2132.
   2042.
   2098.
   2089.
   2120.
   2205.
   2101.
   2088.
   2226.
   2252.
   2189.
   2119.
   2267.
   2286.
   2285.
   2317.
   2344.
   2394.
   2428.
   2475.
   2375.
   2504.
   2606.
   2635.
   2702.
   2741.
   2858.
   2950.
   3002.
   2961.
   3008.
   3124.
   3256.
   3403.
   3457.
   3444.
   3624.
   3766.
   4063.
   4143.
   4292.
   4660.
   5014.
   5386.
   5963.
   6585.
   7407.
   8398.
  10053.
  12201.
  15181.
  19129.
  24696.
  31767.
  41002.
  53440.
  68639.
  86929.
 106903.
 124548.
 138319.
 146452.
 147810.
 141619.
 131625.
 117113.
  99791.
  81986.
  65140.
  50327.
  38593.
  29250.
  21977.
  16860.
  13370.
  10540.
   8591.
   7390.
   6270.
   5626.
   5035.
   4619.
   4281.
   3904.
   3783.
   3586.
   3529.
   3263.
   3276.
   3026.
   2960.
   2937.
   2905.
   2857.
   2813.
   2757.
   2787.
   2735.
   2779.
   2706.
   2705.
   2595.
   2690.
   2695.
   2658.
   2650.
   2720.
   2750.
   2713.
   2735.
   2718.
   2739.
   2775.
   2822.
   2699.
   2773.
   2931.
   2943.
   2967.
   3029.
   3213.
   3272.
   3265.
   3418.
   3558.
   3734.
   3888.
   4078.
   4288.
   4779.
   5344.
   5987.
   6986.
   8287.
   9990.
  12501.
  15461.
  20363.
  26310.
  34828.
  45154.
  57567.
  69385.
  79815.
  86134.
  88866.
  87113.
  82658.
  74957.
  65078.
  54849.
  44467.
  35101.
  26977.
  20879.
  16192.
  12596.
  10097.
   8593.
   7619.
   6735.
   6417.
   6323.
   6220.
   6547.
   7230.
   8035.
   9434.
  11226.
  13381.
  16002.
  18929.
  21734.
  24243.
  25881.
  26703.
  26057.
  24968.
  22781.
  20358.
  17357.
  14360.
  11579.
   9220.
   7281.
   5858.
   4822.
   3920.
   3435.
   2999.
   2783.
   2622.
   2440.
   2234.
   2273.
   2193.
   2119.
   2059.
   1986.
   1935.
   1963.
   1878.
   1840.
   1878.
   1817.
   1791.
   1825.
   1862.
   1797.
   1757.
   1797.
   1721.
   1713.
   1684.
   1736.
   1647.
   1674.
   1703.
   1683.
   1672.
   1639.
   1667.
   1654.
   1642.
   1647.
   1652.
   1674.
   1659.
   1699.
   1679.
   1597.
   1634.
   1621.
   1617.
   1606.
   1589.
   1643.
   1581.
   1553.
   1564.
   1623.
   1540.
   1599.
   1541.
   1484.
   1605.
   1524.
   1575.
   1569.
   1530.
   1546.
   1526.
   1514.
   1551.
   1495.
   1525.
   1514.
   1529.
   1488.
   1566.
   1614.
   1486.
   1501.
   1534.
   1511.
   1472.
   1522.
   1556.
   1521.
   1549.
   1515.
   1561.
   1577.
   1542.
   1534.
   1608.
   1632.
   1585.
   1657.
   1620.
   1681.
   1680.
   1714.
   1784.
   1884.
   1980.
   2125.
   2261.
   2712.
   3317.
   3873.
   4523.
   4845.
   4806.
   4762.
   4602.
   4199.
   3990.
   3699.
   3393.
   3297.
   3028.
   3083.
   3204.
   3271.
   3772.
   4317.
   4798.
   5546.
   6420.
   7361.
   7726.
   8436.
   8697.
   9039.
   9024.
   9274.
   9016.
   8725.
   8356.
   8109.
   7639.
   7568.
   7466.
   7197.
   6791.
   6617.
   6479.
   6378.
   6454.
   6555.
   6398.
   6478.
   6349.
   6323.
   6411.
   6287.
   6261.
   5966.
   5870.
   5803.
   5551.
   5402.
   5174.
   5134.
   4941.
   4732.
   4692.
   4667.
   4589.
   4430.
   4396.
   4379.
   4181.
   4090.
   4089.
   4024.
   4064.
   3985.
   3984.
   3922.
   3839.
   3766.
   3761.
   3814.
   3751.
   3819.
   3649.
   3824.
   3613.
   3666.
   3545.
   3536.
   3555.
   3524.
   3400.
   3575.
   3471.
   3580.
   3613.
   3543.
   3478.
   3580.
   3464.
   3449.
   3518.
   3518.
   3562.
   3448.
   3538.
   3584.
   3631.
   3518.
   3574.
   3505.
   3552.
   3640.
   3644.
   3681.
   3766.
   3852.
   3852.
   3773.
   3914.
   4048.
   4054.
   4352.
   4470.
   4431.
   4517.
   4574.
   4595.
   4637.
   4736.
   4670.
   4761.
   4567.
   4826.
   4663.
   4752.
   4729.
   4746.
   4934.
   4922.
   4926.
   5279.
   5337.
   5609.
   5821.
   6302.
   6495.
   6942.
   7526.
   8208.
   9108.
  10011.
  11354.
  13100.
  15262.
  17824.
  21338.
  25901.
  31647.
  38313.
  47513.
  58758.
  71553.
  85745.
  99648.
 112625.
 122601.
 127980.
 129857.
 126592.
 120723.
 112633.
 101461.
  89744.
  77026.
  65003.
  53335.
  43800.
  35440.
  28448.
  23138.
  18669.
  15370.
  12770.
  11115.
   9237.
   8182.
   7383.
   6617.
   5983.
   5379.
   5127.
   4807.
   4472.
   4336.
   4217.
   4121.
   3921.
   3693.
   3488.
   3552.
   3438.
   3302.
   3185.
   3263.
   3084.
   3153.
   3064.
   2973.
   3080.
   2944.
   2988.
   2902.
   2976.
   2802.
   2867.
   2805.
   2768.
   2753.
   2662.
   2804.
   2692.
   2622.
   2772.
   2708.
   2666.
   2733.
   2693.
   2677.
   2644.
   2642.
   2589.
   2694.
   2811.
   2692.
   2774.
   2744.
   2713.
   2793.
   2698.
   2854.
   2864.
   2928.
   2941.
   3004.
   2972.
   3009.
   3048.
   2991.
   2944.
   3047.
   2981.
   2763.
   2858.
   2723.
   2670.
   2690.
   2571.
   2603.
   2479.
   2465.
   2473.
   2378.
   2441.
   2438.
   2345.
   2399.
   2318.
   2345.
   2320.
   2248.
   2264.
   2253.
   2341.
   2269.
   2222.
   2325.
   2175.
   2210.
   2230.
   2147.
   2210.
   2234.
   2210.
   2218.
   2191.
   2117.
   2162.
   2140.
   2118.
   2206.
   2218.
   2135.
   2142.
   2126.
   2114.
   2111.
   2154.
   2077.
   2135.
   1995.
   2092.
   2086.
   2132.
   2084.
   2119.
   2090.
   2149.
   2074.
   2051.
   2067.
   2095.
   2074.
   2136.
   2088.
   2099.
   2109.
   2177.
   2206.
   2227.
   2173.
   2208.
   2134.
   2292.
   2248.
   2272.
   2315.
   2461.
   2620.
   2783.
   3034.
   3197.
   3138.
   3173.
   3108.
   2976.
   2978.
   2947.
   2804.
   2628.
   2700.
   2623.
   2424.
   2440.
   2430.
   2590.
   2543.
   2567.
   2638.
   2701.
   2779.
   2897.
   2811.
   2960.
   3097.
   3304.
   3482.
   3730.
   3960.
   4377.
   4740.
   5289.
   5993.
   6891.
   7771.
   9533.
  11416.
  13582.
  17050.
  21234.
  25944.
  31190.
  37468.
  43373.
  47515.
  50098.
  50947.
  50109.
  48160.
  45355.
  41383.
  37046.
  32681.
  28488.
  23731.
  19337.
  16228.
  12993.
  10564.
   8808.
   7436.
   6203.
   5459.
   4752.
   4252.
   4007.
   3704.
   3585.
   3461.
   3320.
   3142.
   3196.
   3087.
   2998.
   2951.
   2890.
   2773.
   2699.
   2692.
   2538.
   2472.
   2493.
   2389.
   2406.
   2358.
   2268.
   2145.
   2256.
   2126.
   2087.
   2032.
   2030.
   2002.
   2058.
   2093.
   1971.
   1934.
   1951.
   1952.
   1924.
   1930.
   1915.
   1941.
   1927.
   1886.
   1951.
   1841.
   1896.
   1945.
   1802.
   1863.
   1874.
   1869.
   1929.
   1916.
   1913.
   1988.
   2006.
   2035.
   1932.
   1996.
   2097.
   2079.
   2043.
   2179.
   2119.
   2002.
   2042.
   1935.
   1903.
   1927.
   1866.
   1768.
   1839.
   1834.
   1764.
   1724.
   1729.
   1781.
   1707.
   1727.
   1720.
   1608.
   1703.
   1702.
   1679.
   1705.
   1700.
   1603.
   1564.
   1604.
   1641.
   1594.
   1631.
   1583.
   1577.
   1589.
   1563.
   1571.
   1567.
   1536.
   1547.
   1518.
   1580.
   1546.
   1549.
   1552.
   1532.
   1535.
   1502.
   1506.
   1533.
   1553.
   1501.
   1549.
   1478.
   1513.
   1540.
   1503.
   1443.
   1489.
   1485.
   1422.
   1450.
   1478.
   1452.
   1445.
   1458.
   1490.
   1450.
   1521.
   1426.
   1457.
   1476.
   1493.
   1413.
   1466.
   1513.
   1455.
   1495.
   1494.
   1446.
   1432.
   1430.
   1430.
   1491.
   1462.
   1385.
   1371.
   1483.
   1407.
   1434.
   1413.
   1401.
   1390.
   1366.
   1417.
   1476.
   1408.
   1470.
   1374.
   1436.
   1410.
   1422.
   1454.
   1414.
   1376.
   1391.
   1424.
   1398.
   1378.
   1344.
   1325.
   1409.
   1413.
   1391.
   1407.
   1358.
   1317.
   1455.
   1368.
   1387.
   1425.
   1385.
   1397.
   1307.
   1391.
   1432.
   1406.
   1365.
   1418.
   1396.
   1442.
   1418.
   1484.
   1396.
   1449.
   1380.
   1445.
   1461.
   1467.
   1492.
   1536.
   1581.
   1632.
   1602.
   1692.
   1753.
   1639.
   1651.
   1641.
   1742.
   1699.
   1693.
   1666.
   1610.
   1585.
   1611.
   1564.
   1607.
   1507.
   1513.
   1441.
   1505.
   1404.
   1501.
   1379.
   1413.
   1357.
   1353.
   1396.
   1384.
   1384.
   1296.
   1367.
   1357.
   1376.
   1386.
   1400.
   1349.
   1377.
   1415.
   1325.
   1369.
   1328.
   1384.
   1350.
   1300.
   1271.
   1412.
   1334.
   1320.
   1373.
   1290.
   1336.
   1269.
   1274.
   1303.
   1357.
   1278.
   1296.
   1300.
   1309.
   1350.
   1254.
   1300.
   1342.
   1389.
   1339.
   1361.
   1377.
   1345.
   1309.
   1296.
   1410.
   1332.
   1329.
   1379.
   1395.
   1400.
   1334.
   1347.
   1287.
   1392.
   1396.
   1405.
   1368.
   1415.
   1403.
   1489.
   1373.
   1436.
   1454.
   1491.
   1433.
   1478.
   1386.
   1465.
   1468.
   1515.
   1486.
   1519.
   1505.
   1528.
   1514.
   1588.
   1577.
   1666.
   1657.
   1716.
   1763.
   1752.
   1838.
   1895.
   1951.
   2030.
   2109.
   2255.
   2362.
   2580.
   2976.
   3120.
   3540.
   4074.
   4540.
   5124.
   5794.
   6320.
   6852.
   7447.
   7775.
   8185.
   8136.
   8439.
   8368.
   8611.
   8614.
   8329.
   8148.
   8193.
   8005.
   7847.
   7678.
   7637.
   7635.
   7260.
   7253.
   7288.
   7104.
   7060.
   6898.
   6700.
   6486.
   6388.
   6227.
   6188.
   6177.
   5863.
   5726.
   5598.
   5513.
   5394.
   5210.
   4987.
   4942.
   4927.
   4748.
   4743.
   4585.
   4721.
   4588.
   4550.
   4569.
   4500.
   4485.
   4404.
   4232.
   4353.
   4322.
   4195.
   4158.
   4062.
   4040.
   4047.
   3992.
   3980.
   3941.
   3783.
   4018.
   3841.
   3872.
   3775.
   3768.
   3859.
   3776.
   3872.
   3887.
   3845.
   3856.
   3727.
   3930.
   3996.
   4036.
   3826.
   4089.
   4130.
   4171.
   4190.
   4227.
   4364.
   4418.
   4411.
   4313.
   4148.
   4139.
   4007.
   4043.
   4036.
   3903.
   3966.
   3871.
   3774.
   3777.
   3700.
   3736.
   3689.
   3540.
   3655.
   3514.
   3740.
   3633.
   3567.
   3624.
   3583.
   3650.
   3575.
   3456.
   3459.
   3398.
   3448.
   3330.
   3277.
   3453.
   3353.
   3315.
   3266.
   3243.
   3338.
   3259.
   3204.
   3386.
   3317.
   3402.
   3358.
   3467.
   3381.
   3500.
   3534.
   3715.
   3596.
   3927.
   3922.
   4110.
   4164.
   4395.
   4718.
   5011.
   5266.
   5719.
   6220.
   6763.
   7327.
   8370.
   9384.
  10569.
  12153.
  13947.
  15899.
  18167.
  20651.
  22846.
  25441.
  27303.
  28620.
  29408.
  29277.
  28712.
  28211.
  26802.
  25375.
  23854.
  22083.
  20531.
  18791.
  17230.
  15578.
  14251.
  13004.
  12316.
  11722.
  11402.
  11554.
  11494.
  11832.
  11822.
  11868.
  11597.
  11127.
  10979.
  10549.
   9767.
   9204.
   8544.
   7998.
   7450.
   6772.
   6248.
   5701.
   5154.
   4621.
   4201.
   3986.
   3672.
   3415.
   3295.
   3117.
   3016.
   2923.
   2901.
   2838.
   2687.
   2645.
   2661.
   2560.
   2460.
   2527.
   2501.
   2479.
   2512.
   2543.
   2541.
   2429.
   2418.
   2370.
   2307.
   2261.
   2340.
   2333.
   2323.
   2305.
   2328.
   2284.
   2219.
   2215.
   2288.
   2230.
   2260.
   2223.
   2198.
   2141.
   2187.
   2163.
   2160.
   2247.
   2199.
   2220.
   2132.
   2220.
   2154.
   2142.
   2099.
   2152.
   2194.
   2136.
   2121.
   2148.
   2102.
   2170.
   2154.
   2103.
   2015.
   2147.
   2096.
   2085.
   2107.
   2024.
   2094.
   2100.
   2062.
   2056.
   2100.
   2118.
   2085.
   2011.
   2084.
   2163.
   2094.
   2097.
   2134.
   2070.
   2043.
   2089.
   2112.
   2148.
   2149.
   2104.
   2092.
   2105.
   2105.
   2113.
   2154.
   2122.
   2179.
   2109.
   2094.
   2081.
   2186.
   2123.
   2129.
   2110.
   2180.
   2190.
   2146.
   2150.
   2142.
   2158.
   2253.
   2171.
   2162.
   2160.
   2302.
   2295.
   2304.
   2245.
   2364.
   2426.
   2420.
   2483.
   2485.
   2449.
   2607.
   2657.
   2579.
   2531.
   2578.
   2565.
   2530.
   2482.
   2470.
   2490.
   2511.
   2418.
   2446.
   2342.
   2303.
   2347.
   2386.
   2374.
   2249.
   2230.
   2300.
   2222.
   2159.
   2303.
   2250.
   2301.
   2271.
   2337.
   2231.
   2391.
   2330.
   2377.
   2380.
   2398.
   2417.
   2422.
   2416.
   2369.
   2460.
   2508.
   2446.
   2488.
   2554.
   2498.
   2467.
   2502.
   2518.
   2501.
   2472.
   2572.
   2524.
   2514.
   2592.
   2525.
   2669.
   2691.
   2670.
   2776.
   2743.
   2777.
   2947.
   2960.
   3065.
   3152.
   3153.
   3487.
   3571.
   3818.
   3926.
   4233.
   4276.
   4765.
   5179.
   5774.
   6446.
   7156.
   8562.
   9805.
  11739.
  14051.
  17028.
  20549.
  24617.
  28437.
  32257.
  34954.
  36289.
  36831.
  36115.
  34778.
  33052.
  31907.
  30027.
  28289.
  26477.
  24314.
  22058.
  19578.
  17218.
  14754.
  13123.
  11170.
   9848.
   8573.
   7809.
   7110.
   6641.
   6300.
   6089.
   5897.
   6114.
   6025.
   6443.
   6784.
   7438.
   8081.
   9058.
  10121.
  11386.
  13199.
  14875.
  17283.
  19396.
  21961.
  24730.
  26676.
  28920.
  30181.
  30680.
  30387.
  29468.
  27911.
  26519.
  24970.
  23531.
  21620.
  20394.
  18571.
  16637.
  14665.
  12918.
  11141.
   9402.
   8187.
   7093.
   6120.
   5366.
   4729.
   4349.
   3873.
   3570.
   3371.
   3136.
   2998.
   2816.
   2670.
   2666.
   2509.
   2591.
   2443.
   2455.
   2360.
   2408.
   2448.
   2389.
   2426.
   2392.
   2368.
   2353.
   2299.
   2230.
   2297.
   2255.
   2232.
   2171.
   2156.
   2135.
   2089.
   2098.
   2015.
   2038.
   2040.
   1987.
   1968.
   2024.
   1958.
   1923.
   1892.
   1997.
   1962.
   1947.
   1923.
   1911.
   1945.
   1897.
   2014.
   1894.
   1892.
   1888.
   1897.
   1847.
   1943.
   1902.
   1838.
   1861.
   1947.
   1927.
   2019.
   1946.
   1943.
   1892.
   2025.
   2029.
   2078.
   1994.
   2028.
   2030.
   2111.
   2210.
   2187.
   2254.
   2138.
   2327.
   2412.
   2454.
   2465.
   2641.
   2719.
   2783.
   3111.
   3251.
   3318.
   3631.
   3957.
   4260.
   4778.
   5152.
   6002.
   6667.
   7606.
   8645.
  10188.
  12126.
  14175.
  17095.
  20044.
  23505.
  27340.
  30462.
  33021.
  34691.
  35236.
  35122.
  34029.
  32706.
  30974.
  30119.
  28645.
  26955.
  25144.
  23312.
  21170.
  19134.
  16756.
  14529.
  12743.
  10882.
   9362.
   8049.
   7040.
   6038.
   5250.
   4808.
   4242.
   3769.
   3559.
   3190.
   3008.
   2831.
   2628.
   2524.
   2421.
   2285.
   2163.
   2135.
   1988.
   2059.
   1884.
   1824.
   1798.
   1785.
   1809.
   1710.
   1738.
   1710.
   1727.
   1660.
   1654.
   1704.
   1566.
   1615.
   1654.
   1524.
   1530.
   1606.
   1629.
   1525.
   1522.
   1559.
   1557.
   1581.
   1586.
   1544.
   1535.
   1522.
   1536.
   1586.
   1629.
   1522.
   1561.
   1525.
   1547.
   1582.
   1542.
   1459.
   1512.
   1474.
   1463.
   1482.
   1417.
   1482.
   1470.
   1413.
   1443.
   1382.
   1426.
   1431.
   1395.
   1359.
   1367.
   1390.
   1349.
   1410.
   1406.
   1432.
   1481.
   1388.
   1411.
   1501.
   1388.
   1411.
   1467.
   1500.
   1468.
   1518.
   1606.
   1589.
   1816.
   2037.
   2305.
   2680.
   2779.
   2695.
   2529.
   2394.
   2371.
   2173.
   2212.
   2168.
   2258.
   2306.
   2176.
   1981.
   1983.
   1856.
   1733.
   1613.
   1511.
   1607.
   1495.
   1417.
   1472.
   1338.
   1450.
   1399.
   1349.
   1333.
   1297.
   1300.
   1294.
   1341.
   1352.
   1276.
   1302.
   1344.
   1286.
   1279.
   1299.
   1323.
   1248.
   1325.
   1291.
   1364.
   1284.
   1334.
   1263.
   1269.
   1203.
   1260.
   1274.
   1250.
   1309.
   1326.
   1241.
   1229.
   1212.
   1205.
   1179.
   1223.
   1185.
   1193.
   1235.
   1182.
   1239.
   1126.
   1131.
   1097.
   1171.
   1186.
   1183.
   1155.
   1151.
   1188.
   1134.
   1100.
   1168.
   1129.
   1216.
   1167.
   1133.
   1119.
   1179.
   1081.
   1103.
   1149.
   1069.
   1150.
   1097.
   1153.
   1151.
   1090.
   1113.
   1158.
   1075.
   1070.
   1115.
   1078.
   1082.
   1144.
   1095.
   1096.
   1116.
   1142.
   1098.
   1102.
   1145.
   1111.
   1106.
   1051.
   1125.
   1060.
   1104.
   1125.
   1085.
   1029.
   1082.
   1046.
   1119.
   1095.
   1070.
   1082.
   1099.
   1067.
   1104.
   1082.
   1098.
   1093.
   1050.
   1085.
   1055.
   1091.
   1033.
   1067.
   1048.
   1082.
   1105.
   1089.
   1118.
   1022.
   1071.
    997.
   1039.
   1092.
   1085.
   1089.
   1068.
   1094.
   1099.
   1125.
   1042.
   1067.
   1033.
   1074.
   1057.
   1057.
   1102.
   1045.
   1102.
   1051.
   1081.
   1044.
   1061.
   1115.
   1078.
   1034.
   1113.
   1086.
   1066.
   1059.
   1088.
   1069.
   1081.
   1139.
   1087.
   1095.
   1047.
   1153.
   1081.
   1108.
   1099.
   1150.
   1094.
   1086.
   1154.
   1120.
   1142.
   1009.
   1146.
   1115.
   1117.
   1094.
   1152.
   1112.
   1112.
   1064.
   1102.
   1139.
   1139.
   1096.
   1147.
   1129.
   1109.
   1127.
   1097.
   1214.
   1094.
   1202.
   1153.
   1148.
   1185.
   1192.
   1224.
   1208.
   1210.
   1202.
   1158.
   1190.
   1197.
   1280.
   1210.
   1245.
   1178.
   1294.
   1310.
   1233.
   1346.
   1385.
   1303.
   1392.
   1362.
   1392.
   1366.
   1348.
   1396.
   1393.
   1368.
   1392.
   1382.
   1385.
   1375.
   1365.
   1429.
   1400.
   1342.
   1449.
   1420.
   1392.
   1380.
   1373.
   1403.
   1395.
   1423.
   1407.
   1373.
   1472.
   1433.
   1385.
   1415.
   1426.
   1399.
   1479.
   1502.
   1476.
   1440.
   1528.
   1524.
   1560.
   1591.
   1720.
   1701.
   1796.
   1840.
   1916.
   2020.
   2109.
   2065.
   2236.
   2582.
   2727.
   3021.
   3309.
   3726.
   4127.
   4833.
   5619.
   6515.
   7668.
   8762.
  10130.
  11078.
  11583.
  12327.
  12089.
  12336.
  11391.
  10979.
  10483.
   9981.
   9624.
   9632.
   9060.
   8520.
   8270.
   7578.
   7068.
   6437.
   5721.
   5054.
   4565.
   4031.
   3734.
   3334.
   3011.
   2790.
   2678.
   2546.
   2426.
   2322.
   2275.
   2364.
   2260.
   2206.
   2291.
   2325.
   2404.
   2537.
   2499.
   2640.
   2869.
   3043.
   3279.
   3460.
   3928.
   4312.
   4725.
   5218.
   6043.
   6706.
   7576.
   8343.
   9225.
   9850.
  10115.
  10386.
  10499.
  10683.
  10360.
  10609.
  10626.
  10842.
  11193.
  11665.
  12034.
  12511.
  13130.
  14010.
  14439.
  15342.
  16078.
  16585.
  17043.
  17387.
  17195.
  16895.
  16351.
  15767.
  15108.
  14349.
  13761.
  13283.
  12615.
  12174.
  11575.
  10807.
  10185.
   9467.
   8748.
   7865.
   7206.
   6565.
   6051.
   5589.
   5306.
   5037.
   4774.
   4621.
   4559.
   4623.
   4799.
   4855.
   5178.
   5286.
   5623.
   5732.
   6276.
   6629.
   7001.
   7415.
   7718.
   7809.
   7874.
   7865.
   7638.
   7719.
   7167.
   7079.
   6690.
   6279.
   6114.
   5772.
   5535.
   5337.
   4977.
   4727.
   4391.
   4046.
   3658.
   3378.
   3102.
   2868.
   2641.
   2401.
   2291.
   2175.
   2130.
   1996.
   1868.
   1785.
   1787.
   1755.
   1695.
   1749.
   1633.
   1661.
   1743.
   1674.
   1767.
   1737.
   1773.
   1961.
   1943.
   2024.
   2279.
   2231.
   2393.
   2513.
   2767.
   2918.
   3008.
   3152.
   3300.
   3350.
   3583.
   3558.
   3625.
   3692.
   3684.
   3808.
   3743.
   3849.
   3890.
   3838.
   3917.
   3751.
   3874.
   3805.
   3697.
   3710.
   3591.
   3485.
   3436.
   3503.
   3456.
   3372.
   3379.
   3164.
   3114.
   3111.
   2996.
   3033.
   3045.
   2925.
   2898.
   2981.
   2860.
   2866.
   2824.
   2743.
   2724.
   2667.
   2699.
   2631.
   2643.
   2606.
   2617.
   2626.
   2643.
   2531.
   2586.
   2564.
   2488.
   2641.
   2547.
   2469.
   2415.
   2448.
   2490.
   2477.
   2449.
   2522.
   2552.
   2544.
   2595.
   2598.
   2793.
   2634.
   2746.
   2853.
   2776.
   2791.
   2744.
   2838.
   2944.
   2961.
   3044.
   3118.
   3264.
   3365.
   3436.
   3562.
   3901.
   4092.
   4436.
   4962.
   5261.
   5830.
   6675.
   7566.
   8584.
   9811.
  11277.
  12665.
  13672.
  14578.
  15106.
  15553.
  14975.
  14636.
  13736.
  13047.
  12399.
  11968.
  11665.
  11452.
  11126.
  10668.
  10158.
   9613.
   9005.
   8042.
   7328.
   6674.
   6026.
   5297.
   4800.
   4413.
   3987.
   3720.
   3444.
   3103.
   2966.
   2823.
   2684.
   2609.
   2532.
   2313.
   2297.
   2197.
   2174.
   2180.
   2146.
   2095.
   2147.
   2129.
   2040.
   2043.
   1934.
   1995.
   2081.
   1955.
   2051.
   1966.
   2076.
   2059.
   2026.
   2149.
   2063.
   2265.
   2176.
   2263.
   2357.
   2279.
   2407.
   2466.
   2560.
   2634.
   2769.
   2788.
   2925.
   3045.
   3372.
   3433.
   3714.
   4001.
   4113.
   4245.
   4513.
   4800.
   4769.
   5050.
   5115.
   5058.
   5031.
   4714.
   4698.
   4470.
   4182.
   3995.
   3939.
   3901.
   3679.
   3614.
   3578.
   3408.
   3197.
   3072.
   2768.
   2548.
   2399.
   2330.
   2252.
   2063.
   2027.
   1914.
   1847.
   1843.
   1726.
   1722.
   1669.
   1701.
   1653.
   1649.
   1644.
   1632.
   1648.
   1552.
   1594.
   1638.
   1575.
   1623.
   1609.
   1636.
   1683.
   1716.
   1715.
   1689.
   1712.
   1726.
   1729.
   1886.
   1814.
   1944.
   1905.
   2044.
   2110.
   2146.
   2299.
   2344.
   2555.
   2571.
   2768.
   2964.
   3345.
   3560.
   3934.
   4280.
   4962.
   5623.
   6215.
   6824.
   7300.
   7790.
   7915.
   8064.
   7985.
   7894.
   7792.
   7655.
   7419.
   7493.
   7424.
   7122.
   7066.
   6619.
   6782.
   6384.
   6130.
   5588.
   5379.
   5110.
   4832.
   4384.
   4113.
   3892.
   3662.
   3522.
   3237.
   3092.
   3006.
   2952.
   2841.
   2688.
   2684.
   2565.
   2590.
   2517.
   2505.
   2450.
   2523.
   2574.
   2635.
   2712.
   2809.
   2852.
   3004.
   3205.
   3382.
   3659.
   3866.
   4101.
   4297.
   4724.
   5090.
   5570.
   6009.
   6476.
   6990.
   7306.
   7653.
   7889.
   8427.
   8282.
   8242.
   8084.
   7766.
   7472.
   7169.
   6734.
   6533.
   6291.
   6046.
   5975.
   5626.
   5367.
   5148.
   4761.
   4488.
   4254.
   3914.
   3435.
   3208.
   2986.
   2745.
   2497.
   2436.
   2221.
   2099.
   1993.
   1986.
   1848.
   1745.
   1703.
   1648.
   1594.
   1554.
   1534.
   1530.
   1518.
   1471.
   1401.
   1405.
   1350.
   1407.
   1373.
   1282.
   1303.
   1310.
   1279.
   1231.
   1264.
   1214.
   1231.
   1220.
   1214.
   1256.
   1269.
   1242.
   1243.
   1187.
   1152.
   1168.
   1140.
   1177.
   1166.
   1137.
   1137.
   1120.
   1159.
   1183.
   1122.
   1097.
   1129.
   1177.
   1159.
   1143.
   1096.
   1175.
   1111.
   1120.
   1098.
   1181.
   1100.
   1097.
   1162.
   1059.
   1120.
   1027.
   1173.
   1095.
   1071.
   1128.
   1125.
   1058.
   1142.
   1108.
   1030.
   1118.
   1144.
   1096.
   1127.
   1127.
   1136.
   1149.
   1107.
   1163.
   1107.
   1149.
   1160.
   1153.
   1194.
   1180.
   1149.
   1152.
   1104.
   1200.
   1231.
   1137.
   1125.
   1126.
   1157.
   1129.
   1150.
   1139.
   1141.
   1144.
   1089.
   1134.
   1084.
   1103.
   1103.
   1075.
   1081.
   1115.
   1083.
   1099.
   1098.
   1021.
   1078.
   1043.
   1048.
   1047.
   1037.
    984.
   1072.
   1038.
   1078.
   1137.
   1073.
   1080.
   1030.
   1062.
   1083.
   1044.
   1019.
   1122.
   1051.
   1111.
   1151.
   1152.
   1171.
   1251.
   1316.
   1333.
   1266.
   1318.
   1242.
   1264.
   1209.
   1112.
   1087.
   1136.
   1193.
   1139.
   1123.
   1162.
   1187.
   1184.
   1162.
   1167.
   1213.
   1074.
   1047.
   1058.
   1077.
   1103.
   1108.
   1038.
   1144.
   1021.
   1108.
   1075.
   1159.
   1065.
   1150.
   1139.
   1083.
   1095.
   1113.
   1179.
   1172.
   1235.
   1214.
   1269.
   1238.
   1267.
   1342.
   1344.
   1427.
   1489.
   1482.
   1665.
   1701.
   1737.
   1764.
   1821.
   1946.
   1871.
   1864.
   1889.
   1959.
   1910.
   1948.
   1953.
   1956.
   1976.
   1980.
   1987.
   2082.
   1965.
   2075.
   1928.
   1941.
   1778.
   1898.
   1856.
   1789.
   1746.
   1744.
   1756.
   1726.
   1757.
   1777.
   1655.
   1659.
   1775.
   1628.
   1622.
   1599.
   1654.
   1633.
   1610.
   1520.
   1611.
   1609.
   1550.
   1638.
   1514.
   1532.
   1589.
   1562.
   1583.
   1504.
   1529.
   1428.
   1531.
   1523.
   1544.
   1545.
   1545.
   1525.
   1527.
   1519.
   1563.
   1567.
   1506.
   1622.
   1569.
   1557.
   1528.
   1582.
   1591.
   1548.
   1540.
   1522.
   1590.
   1610.
   1615.
   1540.
   1579.
   1519.
   1579.
   1672.
   1602.
   1626.
   1575.
   1691.
   1539.
   1661.
   1641.
   1682.
   1622.
   1725.
   1624.
   1676.
   1628.
   1659.
   1738.
   1712.
   1806.
   1766.
   1804.
   1851.
   1766.
   1878.
   1967.
   1992.
   2009.
   2121.
   2157.
   2341.
   2401.
   2457.
   2649.
   2728.
   2860.
   3183.
   3320.
   3509.
   3735.
   4137.
   4648.
   4999.
   5462.
   5926.
   6438.
   6991.
   7435.
   8044.
   8292.
   8480.
   8628.
   8705.
   8680.
   8623.
   8755.
   8742.
   8929.
   9175.
   9503.
   9781.
  10301.
  10572.
  10811.
  11350.
  11355.
  11620.
  11919.
  11501.
  11557.
  11187.
  10625.
  10220.
   9921.
   9593.
   9023.
   8607.
   8327.
   7977.
   7809.
   7528.
   7188.
   6955.
   6583.
   6355.
   5927.
   5530.
   5147.
   4832.
   4465.
   4119.
   3886.
   3577.
   3358.
   2961.
   2806.
   2726.
   2556.
   2413.
   2289.
   2188.
   2013.
   2015.
   1904.
   1819.
   1824.
   1745.
   1659.
   1654.
   1544.
   1577.
   1456.
   1441.
   1361.
   1401.
   1405.
   1421.
   1327.
   1298.
   1261.
   1283.
   1348.
   1257.
   1262.
   1259.
   1257.
   1237.
   1195.
   1217.
   1224.
   1218.
   1213.
   1216.
   1202.
   1188.
   1147.
   1129.
   1117.
   1167.
   1150.
   1149.
   1156.
   1140.
   1180.
   1133.
   1123.
   1175.
   1038.
   1141.
   1039.
   1114.
   1160.
   1129.
   1083.
   1111.
   1159.
   1161.
   1103.
   1149.
   1153.
   1137.
   1145.
   1142.
   1101.
   1155.
   1154.
   1123.
   1151.
   1136.
   1153.
   1063.
   1061.
   1115.
   1038.
   1108.
   1077.
   1162.
   1127.
   1157.
   1069.
   1125.
   1145.
   1133.
   1150.
   1117.
   1157.
   1136.
   1172.
   1202.
   1159.
   1127.
   1093.
   1073.
   1062.
   1157.
   1126.
   1128.
   1110.
   1105.
   1136.
   1094.
   1105.
   1102.
   1164.
   1174.
   1153.
   1087.
   1112.
   1135.
   1097.
   1105.
   1101.
   1202.
   1127.
   1118.
   1191.
   1157.
   1191.
   1143.
   1163.
   1135.
   1144.
   1145.
   1106.
   1147.
   1150.
   1160.
   1136.
   1121.
   1120.
   1180.
   1133.
   1141.
   1081.
   1111.
   1088.
   1191.
   1145.
   1201.
   1150.
   1194.
   1151.
   1155.
   1161.
   1181.
   1184.
   1177.
   1117.
   1160.
   1189.
   1220.
   1135.
   1231.
   1172.
   1217.
   1202.
   1238.
   1346.
   1330.
   1307.
   1302.
   1367.
   1346.
   1450.
   1405.
   1492.
   1438.
   1533.
   1575.
   1642.
   1610.
   1754.
   1768.
   1884.
   1959.
   2060.
   2131.
   2275.
   2391.
   2585.
   2625.
   2828.
   3049.
   3233.
   3571.
   3734.
   3948.
   4359.
   4575.
   4885.
   5007.
   5243.
   5614.
   5696.
   6091.
   6165.
   6366.
   6294.
   6294.
   6075.
   5948.
   5990.
   5832.
   5596.
   5405.
   5271.
   5240.
   5092.
   4872.
   4803.
   4635.
   4533.
   4356.
   4247.
   4007.
   3820.
   3633.
   3406.
   3235.
   2973.
   2833.
   2743.
   2491.
   2414.
   2262.
   2108.
   1950.
   1970.
   1822.
   1699.
   1683.
   1616.
   1573.
   1562.
   1524.
   1434.
   1422.
   1361.
   1323.
   1355.
   1282.
   1258.
   1248.
   1285.
   1221.
   1213.
   1182.
   1160.
   1125.
   1176.
   1175.
   1136.
   1090.
   1091.
   1139.
   1101.
   1088.
   1139.
   1071.
   1093.
   1007.
   1036.
   1044.
   1106.
   1044.
   1075.
    981.
   1072.
   1034.
   1014.
   1054.
   1020.
    981.
   1052.
   1068.
   1037.
   1042.
   1068.
   1027.
   1050.
    987.
   1083.
   1079.
   1050.
   1072.
   1083.
   1083.
   1106.
   1106.
   1065.
   1060.
   1091.
   1080.
   1104.
   1089.
   1020.
   1052.
   1081.
   1116.
   1078.
   1119.
   1068.
   1058.
   1070.
   1083.
   1108.
   1091.
   1134.
   1121.
   1088.
   1092.
   1189.
   1180.
   1209.
   1181.
   1292.
   1229.
   1252.
   1287.
   1390.
   1279.
   1431.
   1499.
   1571.
   1583.
   1668.
   1739.
   1740.
   1855.
   1963.
   1933.
   2030.
   2063.
   2038.
   2052.
   2035.
   2086.
   2138.
   2097.
   2112.
   2177.
   2212.
   2247.
   2224.
   2316.
   2299.
   2279.
   2378.
   2277.
   2234.
   2210.
   2237.
   2276.
   2225.
   2238.
   2164.
   2246.
   2141.
   2167.
   2099.
   2127.
   2143.
   2147.
   2107.
   2089.
   2125.
   2092.
   2023.
   2110.
   2032.
   2111.
   2073.
   2168.
   2139.
   2201.
   2198.
   2125.
   2247.
   2279.
   2365.
   2504.
   2535.
   2473.
   2576.
   2617.
   2702.
   2868.
   2941.
   3088.
   3228.
   3311.
   3548.
   3502.
   3759.
   3890.
   3991.
   4062.
   4206.
   4315.
   4279.
   4388.
   4303.
   4512.
   4396.
   4248.
   4151.
   3989.
   3903.
   3844.
   3769.
   3654.
   3445.
   3446.
   3420.
   3351.
   3248.
   3158.
   3178.
   2981.
   2941.
   2827.
   2662.
   2470.
   2481.
   2396.
   2287.
   2294.
   2128.
   2037.
   1975.
   1988.
   1788.
   1673.
   1789.
   1704.
   1664.
   1666.
   1604.
   1556.
   1600.
   1535.
   1499.
   1440.
   1510.
   1557.
   1430.
   1505.
   1467.
   1473.
   1350.
   1423.
   1373.
   1374.
   1425.
   1427.
   1410.
   1436.
   1398.
   1350.
   1395.
   1425.
   1407.
   1396.
   1442.
   1344.
   1360.
   1413.
   1368.
   1322.
   1384.
   1421.
   1375.
   1307.
   1361.
   1471.
   1428.
   1405.
   1501.
   1403.
   1434.
   1378.
   1416.
   1344.
   1347.
   1397.
   1379.
   1357.
   1378.
   1372.
   1412.
   1345.
   1352.
   1350.
   1347.
   1359.
   1367.
   1341.
   1408.
   1422.
   1343.
   1350.
   1369.
   1315.
   1383.
   1279.
   1317.
   1364.
   1280.
   1323.
   1262.
   1272.
   1306.
   1257.
   1261.
   1249.
   1266.
   1285.
   1292.
   1309.
   1327.
   1291.
   1200.
   1332.
   1318.
   1269.
   1365.
   1294.
   1272.
   1279.
   1203.
   1246.
   1221.
   1241.
   1239.
   1228.
   1320.
   1305.
   1244.
   1216.
   1291.
   1256.
   1247.
   1259.
   1329.
   1302.
   1266.
   1286.
   1317.
   1216.
   1317.
   1256.
   1229.
   1213.
   1259.
   1162.
   1230.
   1308.
   1283.
   1249.
   1266.
   1294.
   1282.
   1241.
   1300.
   1265.
   1220.
   1360.
   1300.
   1295.
   1249.
   1264.
   1295.
   1322.
   1258.
   1378.
   1392.
   1272.
   1313.
   1289.
   1317.
   1353.
   1311.
   1268.
   1342.
   1371.
   1352.
   1361.
   1341.
   1462.
   1395.
   1279.
   1332.
   1388.
   1301.
   1413.
   1385.
   1379.
   1296.
   1404.
   1363.
   1389.
   1423.
   1369.
   1349.
   1435.
   1393.
   1366.
   1395.
   1394.
   1399.
   1346.
   1421.
   1348.
   1414.
   1393.
   1309.
   1255.
   1422.
   1415.
   1309.
   1385.
   1409.
   1305.
   1356.
   1398.
   1404.
   1332.
   1445.
   1435.
   1471.
   1444.
   1422.
   1480.
   1437.
   1466.
   1361.
   1435.
   1449.
   1426.
   1481.
   1535.
   1568.
   1568.
   1581.
   1554.
   1575.
   1562.
   1586.
   1642.
   1636.
   1702.
   1780.
   1698.
   1867.
   1744.
   1822.
   1836.
   1922.
   2034.
   2088.
   2125.
   2224.
   2323.
   2368.
   2403.
   2461.
   2705.
   2679.
   2773.
   2876.
   2871.
   3063.
   3325.
   3410.
   3666.
   3830.
   4274.
   4247.
   5005.
   5317.
   5830.
   6289.
   6684.
   6954.
   7543.
   7804.
   7852.
   8113.
   8139.
   8088.
   8059.
   7866.
   7661.
   7353.
   7089.
   6882.
   6637.
   6595.
   6545.
   6332.
   6376.
   6289.
   6256.
   6171.
   6192.
   6047.
   5809.
   5766.
   5703.
   5407.
   5128.
   4945.
   4629.
   4480.
   4337.
   4259.
   3924.
   3922.
   3816.
   3786.
   3844.
   3789.
   3737.
   3884.
   3864.
   4164.
   4276.
   4295.
   4683.
   4881.
   5237.
   5509.
   5835.
   6223.
   6533.
   6679.
   7018.
   7141.
   7250.
   7395.
   7428.
   7141.
   7009.
   6825.
   6525.
   6253.
   5939.
   5858.
   5732.
   5678.
   5515.
   5444.
   5499.
   5418.
   5446.
   5295.
   5129.
   5191.
   5054.
   4835.
   4550.
   4526.
   4326.
   4047.
   3902.
   3773.
   3400.
   3277.
   3214.
   3086.
   2963.
   2798.
   2934.
   2686.
   2785.
   2671.
   2728.
   2710.
   2769.
   2654.
   2817.
   2811.
   2852.
   2903.
   2950.
   3050.
   3139.
   3218.
   3371.
   3541.
   3652.
   3815.
   3707.
   4219.
   4136.
   4046.
   4180.
   4162.
   4139.
   3978.
   3995.
   3971.
   3845.
   3785.
   3950.
   3716.
   3768.
   3841.
   3718.
   3843.
   3741.
   3863.
   3910.
   3899.
   3861.
   3825.
   3914.
   3812.
   3819.
   3831.
   3732.
   3747.
   3736.
   3467.
   3454.
   3421.
   3361.
   3249.
   3282.
   3245.
   3107.
   3055.
   3098.
   3127.
   3038.
   3056.
   3154.
   3127.
   3102.
   3197.
   3267.
   3323.
   3319.
   3487.
   3371.
   3519.
   3478.
   3677.
   3650.
   3826.
   3671.
   3838.
   3979.
   3890.
   3872.
   3897.
   3818.
   3767.
   3723.
   3625.
   3521.
   3390.
   3215.
   3287.
   3146.
   3183.
   3084.
   2917.
   2864.
   2885.
   2864.
   2748.
   2806.
   2757.
   2625.
   2718.
   2542.
   2554.
   2390.
   2371.
   2316.
   2279.
   2144.
   2221.
   2110.
   1989.
   1955.
   1923.
   1945.
   1863.
   1833.
   1842.
   1844.
   1811.
   1812.
   1728.
   1782.
   1713.
   1761.
   1794.
   1767.
   1876.
   1823.
   1824.
   1801.
   1791.
   1912.
   1932.
   1967.
   2015.
   1985.
   2047.
   2152.
   2168.
   2195.
   2251.
   2394.
   2467.
   2453.
   2615.
   2644.
   2824.
   2982.
   3180.
   3298.
   3472.
   3627.
   3874.
   4125.
   4402.
   4674.
   5065.
   5487.
   5756.
   6153.
   6549.
   7139.
   7458.
   7803.
   8226.
   8518.
   8945.
   9344.
   9106.
   9382.
   9491.
   9453.
   9174.
   9126.
   8916.
   8722.
   8422.
   8279.
   8136.
   7754.
   7672.
   7522.
   7722.
   7320.
   7320.
   7201.
   7164.
   7109.
   6936.
   6605.
   6471.
   6388.
   6220.
   5788.
   5661.
   5370.
   5188.
   4887.
   4749.
   4504.
   4383.
   4134.
   4072.
   3892.
   3738.
   3638.
   3489.
   3388.
   3312.
   3294.
   3136.
   3075.
   3076.
   3099.
   3053.
   3104.
   3071.
   3250.
   3078.
   3300.
   3252.
   3342.
   3437.
   3433.
   3549.
   3693.
   3854.
   4082.
   4174.
   4332.
   4479.
   4606.
   4770.
   5117.
   5393.
   5622.
   5941.
   6125.
   6473.
   6806.
   6889.
   7327.
   7661.
   7703.
   8168.
   8436.
   8528.
   8624.
   8785.
   8447.
   8609.
   8269.
   8301.
   7882.
   7827.
   7666.
   7430.
   7104.
   6912.
   6857.
   6809.
   6587.
   6371.
   6315.
   6214.
   6182.
   6099.
   5992.
   5847.
   5786.
   5563.
   5283.
   5196.
   4910.
   4717.
   4479.
   4362.
   4090.
   3846.
   3752.
   3503.
   3422.
   3363.
   3059.
   3030.
   2938.
   2743.
   2774.
   2687.
   2603.
   2510.
   2518.
   2465.
   2433.
   2374.
   2394.
   2371.
   2418.
   2415.
   2351.
   2394.
   2346.
   2480.
   2559.
   2558.
   2723.
   2676.
   2864.
   3010.
   2965.
   3193.
   3354.
   3466.
   3546.
   3988.
   4225.
   4498.
   4688.
   4984.
   5186.
   5697.
   5807.
   6139.
   6467.
   6692.
   6790.
   6808.
   6876.
   6763.
   6691.
   6554.
   6510.
   6188.
   6122.
   5966.
   5799.
   5646.
   5558.
   5536.
   5385.
   5235.
   5236.
   5108.
   5244.
   5134.
   5065.
   5111.
   4948.
   4878.
   4898.
   4636.
   4406.
   4441.
   4150.
   4092.
   3875.
   3812.
   3540.
   3678.
   3333.
   3440.
   3328.
   3187.
   2988.
   3040.
   3085.
   3059.
   3038.
   3047.
   3014.
   2992.
   2991.
   3232.
   3243.
   3262.
   3372.
   3378.
   3328.
   3465.
   3575.
   3609.
   3611.
   3852.
   3888.
   3864.
   3874.
   3854.
   3855.
   3767.
   3879.
   3839.
   3837.
   3646.
   3666.
   3551.
   3592.
   3626.
   3409.
   3305.
   3275.
   3260.
   3166.
   3085.
   3081.
   2989.
   3045.
   2937.
   2951.
   2785.
   2740.
   2747.
   2617.
   2633.
   2506.
   2567.
   2327.
   2313.
   2249.
   2095.
   2113.
   1953.
   2012.
   1997.
   1881.
   1803.
   1792.
   1639.
   1749.
   1653.
   1620.
   1540.
   1623.
   1537.
   1473.
   1446.
   1472.
   1386.
   1388.
   1316.
   1339.
   1284.
   1344.
   1273.
   1288.
   1289.
   1214.
   1276.
   1250.
   1240.
   1255.
   1197.
   1162.
   1186.
   1153.
   1193.
   1139.
   1163.
   1214.
   1135.
   1141.
   1134.
   1141.
   1106.
   1167.
   1181.
   1146.
   1135.
   1103.
   1123.
   1026.
   1100.
   1138.
   1137.
   1155.
   1138.
   1131.
   1099.
   1098.
   1078.
   1163.
   1083.
   1032.
   1052.
   1042.
   1075.
   1062.
   1020.
   1068.
   1058.
   1144.
   1084.
   1053.
   1068.
   1071.
   1048.
   1107.
   1007.
   1087.
   1040.
   1056.
   1015.
   1019.
   1070.
   1035.
   1040.
   1013.
   1079.
   1118.
   1025.
   1015.
   1067.
   1007.
   1109.
   1095.
   1047.
   1042.
   1064.
   1040.
   1053.
   1058.
   1039.
   1032.
   1044.
   1040.
   1058.
   1039.
   1085.
   1065.
   1045.
   1110.
   1047.
   1052.
   1089.
   1092.
   1056.
    993.
   1017.
   1072.
   1055.
   1070.
   1033.
   1093.
   1019.
   1051.
   1021.
   1045.
   1024.
   1019.
   1043.
   1094.
   1055.
   1068.
   1041.
   1062.
   1068.
   1128.
   1027.
   1139.
   1001.
   1109.
   1151.
   1085.
   1068.
   1086.
   1109.
   1049.
   1093.
   1108.
   1182.
   1082.
   1130.
   1109.
   1069.
   1084.
   1040.
   1113.
   1072.
   1150.
   1118.
   1104.
   1086.
   1127.
   1125.
   1135.
   1134.
   1113.
   1199.
   1179.
   1180.
   1183.
   1282.
   1297.
   1347.
   1391.
   1438.
   1503.
   1590.
   1640.
   1545.
   1583.
   1487.
   1465.
   1394.
   1371.
   1320.
   1362.
   1232.
   1277.
   1306.
   1397.
   1318.
   1402.
   1321.
   1361.
   1376.
   1403.
   1428.
   1448.
   1556.
   1542.
   1655.
   1674.
   1587.
   1584.
   1618.
   1554.
   1514.
   1552.
   1511.
   1454.
   1539.
   1501.
   1558.
   1594.
   1513.
   1450.
   1531.
   1545.
   1536.
   1466.
   1513.
   1504.
   1500.
   1493.
   1470.
   1534.
   1487.
   1561.
   1462.
   1503.
   1469.
   1447.
   1550.
   1501.
   1572.
   1507.
   1581.
   1599.
   1394.
   1411.
   1454.
   1535.
   1458.
   1481.
   1508.
   1506.
   1494.
   1456.
   1452.
   1406.
   1458.
   1487.
   1410.
   1424.
   1418.
   1440.
   1409.
   1411.
   1395.
   1400.
   1440.
   1475.
   1430.
   1487.
   1392.
   1410.
   1419.
   1422.
   1439.
   1441.
   1443.
   1468.
   1446.
   1461.
   1407.
   1526.
   1494.
   1471.
   1419.
   1514.
   1435.
   1544.
   1510.
   1536.
   1426.
   1523.
   1474.
   1583.
   1446.
   1416.
   1514.
   1483.
   1552.
   1537.
   1526.
   1630.
   1570.
   1641.
   1613.
   1615.
   1638.
   1691.
   1698.
   1676.
   1763.
   1748.
   1763.
   1815.
   1938.
   1887.
   1877.
   1921.
   1922.
   2009.
   2052.
   2053.
   2096.
   2265.
   2364.
   2340.
   2361.
   2462.
   2596.
   2671.
   2836.
   2943.
   3017.
   3056.
   3252.
   3259.
   3561.
   3695.
   3875.
   4043.
   4233.
   4245.
   4486.
   4800.
   4982.
   5171.
   5284.
   5392.
   5510.
   5649.
   5827.
   5828.
   5906.
   5911.
   6034.
   5878.
   5894.
   5892.
   5607.
   5582.
   5550.
   5482.
   5240.
   5242.
   5135.
   5127.
   5128.
   5105.
   4931.
   4828.
   4784.
   4919.
   4743.
   4745.
   4666.
   4691.
   4528.
   4415.
   4265.
   4205.
   4123.
   4022.
   3975.
   3863.
   3816.
   3684.
   3496.
   3451.
   3350.
   3234.
   3100.
   2979.
   2849.
   2721.
   2751.
   2571.
   2449.
   2352.
   2311.
   2285.
   2250.
   2227.
   2253.
   2035.
   2028.
   2045.
   2000.
   1939.
   1968.
   1835.
   1886.
   1824.
   1730.
   1790.
   1749.
   1740.
   1638.
   1633.
   1629.
   1676.
   1607.
   1548.
   1566.
   1536.
   1573.
   1592.
   1590.
   1554.
   1602.
   1571.
   1619.
   1608.
   1710.
   1710.
   1820.
   1843.
   1898.
   1905.
   1901.
   1879.
   1897.
   1762.
   1735.
   1697.
   1589.
   1570.
   1527.
   1459.
   1480.
   1404.
   1481.
   1394.
   1455.
   1442.
   1405.
   1386.
   1395.
   1423.
   1415.
   1480.
   1511.
   1471.
   1501.
   1568.
   1552.
   1557.
   1529.
   1477.
   1456.
   1500.
   1370.
   1342.
   1324.
   1374.
   1322.
   1349.
   1326.
   1309.
   1321.
   1306.
   1365.
   1277.
   1303.
   1310.
   1311.
   1309.
   1294.
   1258.
   1330.
   1275.
   1302.
   1351.
   1317.
   1321.
   1300.
   1242.
   1249.
   1310.
   1365.
   1295.
   1321.
   1273.
   1322.
   1311.
