 !faults10_streak1.dat           h =            1 k =            1
   -5.0000    0.0100    5.0000
    14.24217    14.24156    14.24105    14.24064    14.24033    14.24012    14.24001    14.24000
    14.24008    14.24025    14.24051    14.24087    14.24132    14.24186    14.24250    14.24322
    14.24404    14.24494    14.24594    14.24703    14.24821    14.24949    14.25086    14.25232
    14.25387    14.25553    14.25728    14.25912    14.26108    14.26313    14.26529    14.26755
    14.26993    14.27242    14.27502    14.27775    14.28060    14.28358    14.28669    14.28994
    14.29334    14.29689    14.30061    14.30449    14.30855    14.31280    14.31725    14.32191
    14.32680    14.33193    14.33732    14.34300    14.34898    14.35529    14.36195    14.36900
    14.37648    14.38442    14.39286    14.40186    14.41148    14.42176    14.43279    14.44464
    14.45740    14.47114    14.48598    14.50201    14.51934    14.53807    14.55828    14.58004
    14.60339    14.62828    14.65459    14.68208    14.71033    14.73874    14.76649    14.79255
    14.81576    14.83489    14.84882    14.85676    14.85832    14.85367    14.84346    14.82871
    14.81066    14.79054    14.76950    14.74847    14.72816    14.70907    14.69149    14.67560
    14.66143    14.64898    14.63817    14.62889    14.62105    14.61452    14.60918    14.60493
    14.60165    14.59927    14.59768    14.59682    14.59661    14.59700    14.59793    14.59934
    14.60121    14.60348    14.60613    14.60912    14.61243    14.61604    14.61992    14.62406
    14.62843    14.63303    14.63784    14.64285    14.64804    14.65342    14.65896    14.66467
    14.67053    14.67655    14.68270    14.68900    14.69543    14.70199    14.70868    14.71550
    14.72243    14.72948    14.73665    14.74394    14.75133    14.75884    14.76645    14.77418
    14.78201    14.78994    14.79798    14.80613    14.81438    14.82273    14.83119    14.83974
    14.84840    14.85716    14.86603    14.87499    14.88406    14.89323    14.90250    14.91188
    14.92136    14.93094    14.94062    14.95041    14.96031    14.97031    14.98041    14.99062
    15.00094    15.01136    15.02190    15.03254    15.04329    15.05415    15.06513    15.07622
    15.08742    15.09873    15.11016    15.12171    15.13337    15.14515    15.15705    15.16908
    15.18122    15.19349    15.20588    15.21840    15.23104    15.24381    15.25671    15.26975
    15.28291    15.29621    15.30964    15.32321    15.33692    15.35077    15.36476    15.37890
    15.39318    15.40760    15.42217    15.43690    15.45177    15.46680    15.48199    15.49733
    15.51283    15.52850    15.54433    15.56032    15.57648    15.59281    15.60931    15.62599
    15.64285    15.65988    15.67710    15.69449    15.71208    15.72985    15.74782    15.76597
    15.78433    15.80288    15.82163    15.84059    15.85976    15.87913    15.89871    15.91851
    15.93853    15.95877    15.97923    15.99992    16.02083    16.04198    16.06336    16.08498
    16.10684    16.12894    16.15129    16.17388    16.19673    16.21983    16.24318    16.26680
    16.29067    16.31481    16.33921    16.36388    16.38881    16.41402    16.43950    16.46525
    16.49127    16.51757    16.54414    16.57099    16.59810    16.62549    16.65315    16.68107
    16.70926    16.73771    16.76641    16.79536    16.82455    16.85398    16.88364    16.91351
    16.94358    16.97384    17.00428    17.03487    17.06560    17.09645    17.12739    17.15840
    17.18945    17.22050    17.25152    17.28247    17.31332    17.34400    17.37448    17.40470
    17.43460    17.46412    17.49320    17.52176    17.54972    17.57702    17.60357    17.62928
    17.65406    17.67784    17.70050    17.72196    17.74214    17.76093    17.77824    17.79400
    17.80812    17.82053    17.83116    17.83995    17.84685    17.85182    17.85484    17.85588
    17.85494    17.85203    17.84718    17.84040    17.83174    17.82127    17.80902    17.79509
    17.77954    17.76245    17.74392    17.72403    17.70287    17.68055    17.65714    17.63275
    17.60747    17.58138    17.55457    17.52712    17.49911    17.47061    17.44170    17.41244
    17.38289    17.35311    17.32316    17.29308    17.26292    17.23273    17.20253    17.17237
    17.14228    17.11230    17.08243    17.05272    17.02318    16.99383    16.96469    16.93578
    16.90711    16.87869    16.85053    16.82265    16.79505    16.76774    16.74072    16.71401
    16.68761    16.66152    16.63574    16.61029    16.58515    16.56034    16.53586    16.51170
    16.48786    16.46436    16.44118    16.41834    16.39582    16.37363    16.35177    16.33024
    16.30903    16.28816    16.26760    16.24738    16.22748    16.20791    16.18866    16.16974
    16.15114    16.13286    16.11491    16.09727    16.07996    16.06298    16.04631    16.02997
    16.01394    15.99825    15.98287    15.96781    15.95308    15.93868    15.92460    15.91085
    15.89742    15.88433    15.87157    15.85913    15.84704    15.83528    15.82386    15.81279
    15.80205    15.79167    15.78164    15.77196    15.76265    15.75369    15.74511    15.73690
    15.72907    15.72162    15.71456    15.70789    15.70163    15.69578    15.69034    15.68534
    15.68076    15.67663    15.67295    15.66973    15.66698    15.66472    15.66296    15.66170
    15.66096    15.66077    15.66112    15.66204    15.66354    15.66565    15.66838    15.67174
    15.67577    15.68048    15.68590    15.69205    15.69895    15.70665    15.71515    15.72451
    15.73474    15.74589    15.75800    15.77109    15.78522    15.80044    15.81678    15.83430
    15.85305    15.87309    15.89449    15.91731    15.94163    15.96751    15.99503    16.02430
    16.05540    16.08843    16.12351    16.16075    16.20029    16.24226    16.28681    16.33413
    16.38438    16.43779    16.49456    16.55495    16.61924    16.68774    16.76080    16.83883
    16.92228    17.01167    17.10763    17.21085    17.32218    17.44263    17.57342    17.71605
    17.87239    18.04482    18.23643    18.45135    18.69528    18.97642    19.30714    19.70758
    20.21384    20.90194    21.98850    24.87841    24.87841    21.98850    20.90193    20.21382
    19.70753    19.30706    18.97628    18.69507    18.45105    18.23601    18.04426    17.87166
    17.71513    17.57227    17.44121    17.32046    17.20880    17.10522    17.00887    16.91903
    16.83511    16.75658    16.68297    16.61389    16.54898    16.48795    16.43049    16.37638
    16.32537    16.27728    16.23191    16.18910    16.14870    16.11056    16.07457    16.04059
    16.00853    15.97827    15.94973    15.92282    15.89747    15.87358    15.85111    15.82997
    15.81011    15.79147    15.77400    15.75765    15.74237    15.72812    15.71485    15.70253
    15.69112    15.68059    15.67090    15.66202    15.65393    15.64660    15.63999    15.63409
    15.62888    15.62433    15.62042    15.61714    15.61446    15.61236    15.61084    15.60988
    15.60945    15.60956    15.61017    15.61130    15.61291    15.61500    15.61756    15.62058
    15.62405    15.62797    15.63232    15.63709    15.64228    15.64789    15.65389    15.66030
    15.66710    15.67429    15.68186    15.68982    15.69814    15.70683    15.71589    15.72532
    15.73510    15.74524    15.75572    15.76657    15.77776    15.78929    15.80117    15.81339
    15.82595    15.83885    15.85209    15.86567    15.87958    15.89383    15.90841    15.92332
    15.93857    15.95416    15.97007    15.98632    16.00290    16.01982    16.03707    16.05466
    16.07257    16.09082    16.10941    16.12834    16.14760    16.16719    16.18713    16.20740
    16.22801    16.24896    16.27025    16.29188    16.31384    16.33615    16.35880    16.38178
    16.40511    16.42877    16.45277    16.47710    16.50177    16.52677    16.55210    16.57776
    16.60373    16.63003    16.65664    16.68355    16.71077    16.73827    16.76607    16.79413
    16.82246    16.85103    16.87984    16.90887    16.93810    16.96752    16.99709    17.02680
    17.05662    17.08651    17.11645    17.14640    17.17632    17.20618    17.23591    17.26548
    17.29483    17.32390    17.35262    17.38095    17.40879    17.43608    17.46274    17.48869
    17.51384    17.53810    17.56138    17.58360    17.60465    17.62445    17.64289    17.65990
    17.67538    17.68925    17.70144    17.71186    17.72047    17.72722    17.73205    17.73493
    17.73586    17.73481    17.73179    17.72683    17.71995    17.71118    17.70058    17.68820
    17.67412    17.65841    17.64115    17.62242    17.60231    17.58092    17.55834    17.53466
    17.50996    17.48435    17.45791    17.43072    17.40287    17.37444    17.34549    17.31611
    17.28635    17.25628    17.22595    17.19542    17.16475    17.13396    17.10312    17.07225
    17.04139    17.01058    16.97984    16.94919    16.91867    16.88829    16.85808    16.82804
    16.79820    16.76857    16.73916    16.70998    16.68104    16.65235    16.62391    16.59574
    16.56782    16.54018    16.51281    16.48571    16.45889    16.43235    16.40609    16.38010
    16.35440    16.32897    16.30382    16.27895    16.25435    16.23003    16.20598    16.18220
    16.15869    16.13544    16.11246    16.08974    16.06727    16.04507    16.02312    16.00142
    15.97996    15.95876    15.93779    15.91707    15.89658    15.87633    15.85631    15.83652
    15.81696    15.79762    15.77850    15.75960    15.74091    15.72244    15.70418    15.68613
    15.66828    15.65064    15.63319    15.61595    15.59890    15.58204    15.56538    15.54891
    15.53262    15.51651    15.50059    15.48485    15.46929    15.45391    15.43870    15.42366
    15.40880    15.39410    15.37957    15.36521    15.35101    15.33698    15.32310    15.30939
    15.29583    15.28243    15.26919    15.25610    15.24317    15.23038    15.21775    15.20527
    15.19293    15.18075    15.16871    15.15682    15.14507    15.13347    15.12201    15.11070
    15.09952    15.08849    15.07761    15.06686    15.05626    15.04579    15.03547    15.02529
    15.01525    15.00535    14.99560    14.98598    14.97651    14.96718    14.95799    14.94895
    14.94006    14.93131    14.92271    14.91425    14.90595    14.89780    14.88980    14.88196
    14.87427    14.86675    14.85939    14.85219    14.84516    14.83830    14.83162    14.82512
    14.81880    14.81267    14.80674    14.80100    14.79546    14.79014    14.78503    14.78015
    14.77550    14.77109    14.76693    14.76303    14.75940    14.75605    14.75300    14.75025
    14.74783    14.74575    14.74402    14.74267    14.74171    14.74117    14.74107    14.74144
    14.74230    14.74369    14.74564    14.74818    14.75136    14.75521    14.75978    14.76513
    14.77131    14.77838    14.78640    14.79544    14.80559    14.81693    14.82954    14.84352
    14.85899    14.87605    14.89482    14.91545    14.93806    14.96280    14.98982    15.01928
    15.05134    15.08614    15.12385    15.16458    15.20844    15.25549    15.30575    15.35913
    15.41544    15.47437    15.53538    15.59775    15.66045    15.72217    15.78125    15.83578
    15.88360    15.92251    15.95045    15.96578    15.96749    15.95539    15.93010    15.89297
    15.84588    15.79094    15.73031    15.66599    15.59972    15.53293    15.46676    15.40204
    15.33939    15.27922    15.22177    15.16718    15.11549    15.06668    15.02068    14.97739
    14.93668    14.89843    14.86250    14.82874    14.79703    14.76722    14.73919    14.71282
    14.68800    14.66462    14.64257    14.62177    14.60213    14.58358    14.56602    14.54941
    14.53367    14.51875    14.50459    14.49115    14.47837    14.46622    14.45466    14.44365
    14.43315    14.42315    14.41360    14.40449    14.39578    14.38746    14.37951    14.37190
    14.36461    14.35765    14.35097    14.34458    14.33845    14.33258    14.32696    14.32156
    14.31639    14.31144    14.30669    14.30213    14.29776    14.29358    14.28957    14.28573
    14.28205    14.27853    14.27516    14.27193    14.26885    14.26591    14.26310    14.26043
    14.25788    14.25545    14.25315    14.25096    14.24889    14.24693    14.24508    14.24334
    14.24171
