 !simulation3.dat
     15.0000      0.0500     59.0000
        3.97        4.09        4.21        4.33        4.45        4.57        4.69        4.82
        4.94        5.07        5.21        5.34        5.48        5.63        5.78        5.94
        6.11        6.28        6.46        6.65        6.84        7.05        7.27        7.49
        7.73        7.98        8.24        8.52        8.81        9.12        9.44        9.78
       10.15       10.53       10.93       11.36       11.82       12.30       12.82       13.37
       13.95       14.58       15.25       15.97       16.74       17.57       18.47       19.43
       20.48       21.61       22.84       24.18       25.64       27.24       28.99       30.92
       33.04       35.40       38.01       40.93       44.20       47.90       52.11       56.96
       62.69       69.65       78.44       90.08      106.26      129.62      164.15      215.53
      291.30      400.68      553.88      760.67     1028.29     1358.88     1746.89     2177.10
     2623.59     3050.20     3412.69     3664.32     3766.36     3701.47     3481.02     3140.04
     2724.35     2279.24     1842.92     1443.71     1099.24      817.12      596.77      431.91
      313.17      230.35      173.91      135.92      110.29       92.66       80.11       70.75
       63.43       57.47       52.45       48.12       44.34       41.00       38.02       35.36
       32.97       30.81       28.86       27.09       25.47       24.00       22.65       21.41
       20.28       19.23       18.26       17.36       16.53       15.76       15.04       14.37
       13.75       13.16       12.61       12.10       11.62       11.17       10.74       10.34
        9.96        9.61        9.27        8.95        8.65        8.36        8.09        7.83
        7.59        7.35        7.13        6.92        6.72        6.53        6.35        6.17
        6.00        5.85        5.69        5.55        5.41        5.27        5.14        5.02
        4.90        4.79        4.68        4.57        4.47        4.38        4.28        4.19
        4.11        4.03        3.95        3.87        3.79        3.72        3.65        3.59
        3.52        3.46        3.40        3.34        3.29        3.23        3.18        3.13
        3.08        3.03        2.99        2.95        2.90        2.86        2.82        2.78
        2.75        2.71        2.68        2.64        2.61        2.58        2.55        2.52
        2.49        2.46        2.44        2.41        2.39        2.36        2.34        2.32
        2.30        2.28        2.26        2.24        2.22        2.20        2.19        2.17
        2.16        2.14        2.13        2.11        2.10        2.09        2.08        2.07
        2.06        2.05        2.04        2.03        2.02        2.01        2.01        2.00
        1.99        1.99        1.98        1.98        1.98        1.97        1.97        1.97
        1.97        1.97        1.97        1.97        1.97        1.97        1.97        1.97
        1.98        1.98        1.98        1.99        1.99        2.00        2.01        2.01
        2.02        2.03        2.04        2.05        2.06        2.07        2.09        2.10
        2.11        2.13        2.14        2.16        2.18        2.19        2.21        2.23
        2.25        2.28        2.30        2.32        2.35        2.38        2.40        2.43
        2.46        2.50        2.53        2.57        2.60        2.64        2.68        2.72
        2.77        2.82        2.86        2.92        2.97        3.03        3.08        3.15
        3.21        3.28        3.35        3.43        3.50        3.59        3.68        3.77
        3.87        3.97        4.08        4.19        4.31        4.44        4.58        4.72
        4.88        5.04        5.21        5.40        5.60        5.81        6.03        6.28
        6.54        6.82        7.12        7.44        7.79        8.18        8.59        9.04
        9.53       10.07       10.65       11.30       12.01       12.80       13.67       14.65
       15.74       16.97       18.37       19.99       21.90       24.23       27.19       31.15
       36.71       44.79       56.80       74.73      101.17      139.29      192.53      264.10
      356.32      469.67      602.00      747.91      898.38     1041.01     1160.76     1241.86
     1271.58     1244.82     1166.39     1048.80      907.71      758.14      612.58      480.12
      366.32      273.44      201.11      147.11      108.27       81.18       62.71       50.24
       41.79       35.93       31.73       28.58       26.09       24.06       22.35       20.87
       19.58       18.44       17.44       16.54       15.75       15.03       14.39       13.82
       13.31       12.85       12.44       12.07       11.74       11.44       11.18       10.95
       10.74       10.56       10.41       10.28       10.17       10.08       10.01        9.96
        9.93        9.92        9.92        9.94        9.98       10.04       10.11       10.20
       10.31       10.44       10.59       10.76       10.95       11.16       11.40       11.66
       11.95       12.26       12.61       12.99       13.40       13.85       14.35       14.88
       15.47       16.12       16.83       17.60       18.45       19.39       20.42       21.56
       22.82       24.23       25.80       27.55       29.53       31.76       34.31       37.26
       40.70       44.80       49.81       56.12       64.35       75.42       90.69      112.10
      142.23      184.27      241.94      319.01      418.72      542.95      691.23      859.89
     1041.43     1224.42     1393.84     1532.45     1623.34     1653.92     1620.16     1528.22
     1392.20     1229.75     1058.10      891.62      740.64      611.11      504.89      420.52
      354.29      301.65      258.39      221.45      189.01      160.15      134.53      112.09
       92.81       76.68       63.51       53.02       44.84       38.53       33.69       29.95
       27.01       24.66       22.71       21.07       19.64       18.38       17.26       16.24
       15.32       14.48       13.71       13.01       12.36       11.76       11.20       10.69
       10.21        9.76        9.35        8.96        8.60        8.26        7.94        7.64
        7.36        7.10        6.85        6.61        6.39        6.18        5.98        5.79
        5.61        5.44        5.28        5.12        4.98        4.84        4.70        4.57
        4.45        4.34        4.23        4.12        4.02        3.92        3.83        3.74
        3.65        3.57        3.49        3.41        3.34        3.27        3.20        3.14
        3.07        3.01        2.95        2.90        2.84        2.79        2.74        2.69
        2.64        2.60        2.55        2.51        2.47        2.43        2.39        2.36
        2.32        2.28        2.25        2.22        2.19        2.16        2.13        2.10
        2.07        2.04        2.02        1.99        1.97        1.94        1.92        1.90
        1.87        1.85        1.83        1.81        1.79        1.78        1.76        1.74
        1.72        1.71        1.69        1.68        1.66        1.65        1.63        1.62
        1.61        1.59        1.58        1.57        1.56        1.55        1.54        1.53
        1.52        1.51        1.50        1.49        1.48        1.48        1.47        1.46
        1.46        1.45        1.44        1.44        1.43        1.43        1.42        1.42
        1.42        1.41        1.41        1.41        1.40        1.40        1.40        1.40
        1.40        1.40        1.40        1.40        1.40        1.40        1.40        1.40
        1.41        1.41        1.41        1.42        1.42        1.43        1.43        1.44
        1.44        1.45        1.46        1.46        1.47        1.48        1.49        1.50
        1.51        1.52        1.53        1.55        1.56        1.57        1.59        1.60
        1.62        1.64        1.66        1.68        1.70        1.72        1.74        1.77
        1.79        1.82        1.85        1.88        1.91        1.94        1.98        2.01
        2.05        2.09        2.14        2.18        2.23        2.28        2.34        2.40
        2.46        2.52        2.59        2.67        2.75        2.83        2.92        3.01
        3.12        3.23        3.34        3.47        3.61        3.75        3.91        4.08
        4.27        4.47        4.69        4.93        5.19        5.48        5.80        6.15
        6.54        6.97        7.46        8.00        8.62        9.33       10.15       11.10
       12.25       13.64       15.39       17.64       20.62       24.64       30.12       37.63
       47.82       61.43       79.20      101.70      129.19      161.46      197.62      236.04
      274.30      309.30      337.56      355.70      361.24      353.35      333.16      303.37
      267.43      228.80      190.49      154.79      123.22       96.54       74.87       57.87
       44.92       35.28       28.21       23.07       19.31       16.53       14.42       12.79
       11.48       10.41        9.52        8.75        8.09        7.51        7.00        6.55
        6.15        5.79        5.46        5.17        4.90        4.66        4.45        4.25
        4.07        3.90        3.75        3.61        3.48        3.36        3.25        3.15
        3.06        2.98        2.90        2.83        2.76        2.70        2.64        2.59
        2.54        2.50        2.46        2.43        2.40        2.37        2.34        2.32
        2.30        2.28        2.27        2.26        2.25        2.24        2.24        2.24
        2.24        2.24        2.25        2.26        2.27        2.29        2.30        2.32
        2.34        2.37        2.40        2.43        2.46        2.50        2.54        2.59
        2.63        2.69        2.74        2.80        2.87        2.94        3.02        3.10
        3.19        3.29        3.39        3.50        3.62        3.75        3.89        4.04
        4.21        4.39        4.58        4.79        5.02        5.26        5.54        5.83
        6.16        6.52        6.91        7.35        7.83        8.37        8.97        9.65
       10.41       11.29       12.30       13.51       15.00       16.91       19.48       23.08
       28.28       35.91       47.10       63.29       86.18      117.55      158.98      211.51
      275.16      348.56      428.66      510.56      587.65      651.91      695.02      710.29
      695.09      652.05      587.84      510.80      428.91      348.83      275.43      211.78
      159.25      117.80       86.43       63.53       47.32       36.13       28.49       23.28
       19.66       17.07       15.13       13.60
